groupid,groupid_connected
34230886,130336613
34230886,130336613
34230886,102636214
34230886,102636214
34230886,102636214
34230886,102636214
34230886,102636214
34230886,102636214
34230886,102636214
34230886,102636214
34230886,102636214
34230886,102636214
34230886,102636214
34230886,102636214
34230886,74889711
34230886,102636214
34230886,33898099
34230886,102636214
34230886,102636214
34230886,102636214
34230886,33898099
34230886,102636214
34230886,33898099
34230886,102636214
34230886,74889711
34230886,102636214
34230886,102636214
34230886,102636214
34230886,33898099
34230886,33898099
34230886,102636214
34230886,102636214
34230886,86113785
34230886,33898099
34230886,86113785
34230886,86113785
34230886,86113785
34230886,86113785
34230886,33898099
34230886,74889711
34230886,86113785
34230886,86113785
34230886,33898099
34230886,86113785
34230886,86113785
34230886,33898099
34230886,74889711
34230886,86113785
34230886,33898099
34230886,33898099
34230886,86113785
34230886,33898099
34230886,86113785
34230886,86113785
34230886,86113785
34230886,86113785
34230886,86113785
34230886,86113785
34230886,86113785
34230886,86113785
34230886,86113785
34230886,23390361
34230886,86113785
34230886,86113785
34230886,47826135
34230886,86113785
34230886,23390361
34230886,47826135
34230886,86113785
34230886,23390361
34230886,23390361
34230886,86113785
34230886,23390361
34230886,86113785
34230886,23390361
34230886,86113785
34230886,23390361
34230886,86113785
34230886,74889711
34230886,86113785
34230886,74889711
34230886,86113785
34230886,86113785
34230886,47826135
34230886,86113785
34230886,86113785
34230886,86113785
34230886,86113785
34230886,47826135
34230886,86113785
34230886,74889711
34230886,86113785
34230886,74889711
34230886,86113785
34230886,74889711
34230886,86113785
34230886,86113785
34230886,47826135
34230886,86113785
34230886,74889711
34230886,86113785
34230886,47826135
34230886,86113785
34230886,86113785
34230886,47826135
34230886,23390361
34230886,42552001
34230886,86113785
34230886,86113785
34230886,86113785
34230886,86113785
34230886,86113785
34230886,86113785
34230886,86113785
34230886,86113785
34230886,86113785
34230886,86113785
34230886,86113785
34230886,86113785
34230886,86113785
34230886,58858984
34230886,86113785
34230886,58858984
34230886,23390361
34230886,86113785
34230886,42552001
34230886,86113785
34230886,58858984
34230886,86113785
34230886,86113785
34230886,86113785
34230886,86113785
34230886,86113785
34230886,86113785
34230886,86113785
34230886,58858984
34230886,42552001
34230886,86113785
34230886,42552001
34230886,86113785
34230886,86113785
34230886,58858984
34230886,32164903
34230886,86113785
34230886,86113785
34230886,86113785
34230886,86113785
34230886,70365191
34230886,86113785
34230886,58858984
34230886,58858984
34230886,58858984
34230886,58858984
34230886,58858984
34230886,23390361
34230886,86113785
34230886,23390361
34230886,23390361
34230886,76906453
34230886,76906453
34230886,23390361
34230886,76906453
34230886,23390361
34230886,23390361
34230886,76906453
34230886,23390361
34230886,76906453
34230886,76906453
34230886,76906453
34230886,76906453
34230886,23390361
34230886,76906453
34230886,76906453
34230886,76906453
34230886,76906453
34230886,58858984
34230886,76906453
34230886,76906453
34230886,76906453
34230886,89805342
34230886,89805342
34230886,76906453
34230886,76906453
34230886,76906453
34230886,94259146
34230886,76906453
34230886,76906453
34230886,58858984
34230886,58858984
34230886,58858984
34230886,58858984
34230886,58858984
34230886,89805342
34230886,76906453
34230886,76906453
34230886,76906453
34230886,89805342
34230886,76906453
34230886,94061066
34230886,76906453
34230886,58858984
34230886,58858984
34230886,58858984
34230886,58858984
34230886,58858984
34230886,76906453
34230886,76906453
34230886,89805342
34230886,76906453
34230886,76906453
34230886,89805342
34230886,76906453
34230886,76906453
34230886,76906453
34230886,76906453
34230886,89805342
34230886,76906453
34230886,76906453
34230886,89805342
34230886,76906453
34230886,76906453
34230886,76906453
34230886,42552001
34230886,76906453
34230886,76906453
34230886,76906453
34230886,76906453
34230886,76906453
34230886,76906453
34230886,42552001
34230886,76906453
34230886,76906453
34230886,42552001
34230886,42552001
34230886,89805342
34230886,89805342
34230886,58858984
34230886,76906453
34230886,89805342
34230886,89805342
34230886,89805342
34230886,58858984
34230886,32164903
34230886,76906453
34230886,70365191
34230886,32164903
34230886,32164903
34230886,76791337
34230886,70365191
34230886,70365191
34230886,32164903
34230886,76791337
34230886,76791337
34230886,76791337
34230886,76791337
34230886,76791337
34230886,76791337
34230886,76791337
34230886,42552001
34230886,70365191
34230886,76791337
34230886,76791337
34230886,76791337
34230886,76791337
34230886,34491673
34230886,76791337
34230886,42552001
34230886,42552001
34230886,34491673
34230886,76791337
34230886,42552001
34230886,42552001
34230886,70365191
34230886,70365191
34230886,70365191
34230886,32164903
34230886,23390361
34230886,76660217
34230886,33159467
34230886,33159467
34230886,33159467
34230886,23390361
34230886,33159467
34230886,33159467
34230886,41883468
34230886,41883468
34230886,45441631
34230886,34230886
34230886,34230886
34230886,34230886
34230886,58798248
34230886,34230886
34230886,34230886
34230886,34230886
34230886,34230886
34230886,34230886
34230886,34230886
34230886,34230886
34230886,34230886
34230886,34230886
34230886,34230886
34230886,34230886
34230886,34230886
34230886,34230886
34230886,34230886
34230886,34230886
34230886,34230886
34230886,34230886
34230886,34230886
34230886,34230886
34230886,34230886
34230886,34230886
34230886,34230886
34230886,58798248
34230886,58798248
34230886,58798248
34230886,31976785
34230886,31976785
34230886,31976785
34230886,31976785
34230886,31976785
34230886,31976785
34230886,31976785
34230886,34230886
34230886,34230886
34230886,34230886
34230886,34230886
34230886,34230886
34230886,34230886
34230886,34230886
34230886,34230886
34230886,34230886
34230886,34230886
34230886,34230886
34230886,34230886
34230886,34230886
34230886,34230886
34230886,34230886
34230886,34230886
34230886,34230886
34230886,34230886
34230886,34230886
34230886,34230886
34230886,34230886
34230886,34230886
34230886,34230886
34230886,34230886
34230886,34230886
34230886,34230886
34230886,34230886
34230886,34230886
34230886,34230886
34230886,34230886
34230886,34230886
34230886,34230886
34230886,34230886
34230886,34230886
34230886,34230886
34230886,34230886
34230886,34230886
34230886,34230886
34230886,34230886
34230886,34230886
34230886,34230886
34230886,34230886
34230886,34230886
34230886,34230886
34230886,34230886
34230886,34230886
34230886,34230886
34230886,34230886
34230886,34230886
34230886,34230886
34230886,34230886
34230886,34230886
34230886,34230886
34230886,34230886
34230886,34230886
34230886,34230886
34230886,34230886
34230886,34230886
34230886,34230886
48295646,48295646
48295646,48295646
48295646,48295646
